8.938483E-01 1.393790E-01
7.079297E-01 -1.526575E-01
7.149187E-02 2.217089E-01
5.203917E-01 -1.396208E-01
1.449990E-01 -3.025110E-01
1.462798E-01 -3.004515E-01
7.645949E-02 4.804912E-01
8.802483E-01 -3.458227E-01
4.393966E-02 -3.300629E-02
4.909988E-01 9.799804E-02
4.947328E-01 7.301975E-02
9.946006E-01 3.561505E-02
1.692609E-02 3.365335E-01
5.359667E-01 1.544197E-02
8.588323E-01 -2.106047E-01
8.729711E-01 -2.976872E-01
3.201768E-01 3.743661E-01
5.586522E-01 -1.886089E-01
8.196805E-01 -2.356276E-01
4.604709E-01 -4.161267E-01
8.695477E-01 4.797366E-01
1.062163E-01 -9.242802E-02
9.172506E-02 4.197432E-02
6.325282E-01 -1.655284E-01
2.206816E-01 -1.949135E-01
7.455223E-01 3.113198E-01
7.801769E-02 -4.117268E-01
9.073738E-02 -5.599372E-02
2.672932E-01 -8.294096E-02
8.174904E-01 2.549232E-01
1.781929E-01 -4.393487E-01
2.825289E-01 -5.051153E-02
6.383406E-01 -1.359035E-03
7.765719E-01 2.470937E-01
5.357932E-01 -2.566535E-03
5.246676E-01 3.403767E-01
1.654194E-03 -3.063075E-01
1.809423E-01 -6.365804E-02
5.467050E-01 -3.555079E-02
2.357028E-01 1.404530E-01
8.419704E-02 1.330677E-02
6.275543E-01 -1.149161E-01
6.965012E-01 6.168479E-02
3.066746E-01 -3.148102E-01
1.947313E-02 -3.893788E-01
8.972767E-01 9.406764E-02
1.944321E-01 -1.389653E-01
5.142795E-01 3.525480E-01
3.645653E-01 1.999029E-01
5.977575E-01 -4.844932E-01
3.691540E-01 2.358318E-02
7.452907E-01 2.561946E-01
2.295176E-01 -3.142208E-02
6.719700E-02 2.587928E-01
2.843469E-01 -4.626197E-01
6.414197E-01 -1.902503E-01
6.449293E-01 -1.829637E-01
6.437159E-02 -3.713701E-01
8.551035E-01 -1.054772E-01
9.234281E-01 -2.689179E-01
4.416113E-01 2.413902E-01
1.611311E-01 2.161687E-01
9.646696E-02 4.543210E-01
2.809951E-01 6.431881E-02
3.500670E-01 2.460517E-01
6.671453E-01 4.023748E-01
6.270544E-01 -2.875854E-01
5.489232E-01 -2.266422E-01
3.599527E-01 -5.998689E-02
2.761852E-01 -1.605426E-01
1.388957E-01 4.286858E-01
7.382640E-01 -2.454212E-01
8.079891E-01 2.037546E-01
8.268957E-01 -2.690207E-01
2.890655E-01 1.943455E-01
3.110914E-01 -3.639672E-01
7.970410E-02 4.185383E-01
6.519895E-01 2.319967E-01
2.853394E-01 4.971072E-01
6.974779E-02 -4.850635E-01
9.614099E-01 2.992675E-01
7.244849E-03 -2.878468E-01
6.488991E-01 -8.003974E-02
2.585163E-01 3.387430E-01
3.764432E-01 2.206034E-01
6.506250E-01 2.301441E-01
4.385616E-01 -6.739764E-02
8.587879E-02 3.916078E-01
9.866321E-01 1.080471E-01
8.806344E-01 -1.144895E-01
7.384653E-01 3.251841E-01
5.581201E-01 -4.637924E-01
1.694998E-02 2.861839E-01
2.141960E-01 7.770380E-02
5.282657E-02 -9.759866E-02
5.768398E-01 -1.844125E-01
9.604890E-01 9.763291E-02
7.981396E-02 2.407648E-01
7.009020E-01 4.744812E-02
4.160712E-01 4.093912E-01
6.440280E-01 -8.489122E-02
8.655699E-01 1.745178E-01
9.971328E-01 1.732008E-01
6.878104E-01 -1.692991E-01
2.880804E-01 -4.517566E-02
1.860639E-01 -5.274402E-02
3.237883E-01 4.953883E-01
8.387861E-01 4.101241E-01
5.984894E-01 1.866278E-01
7.662861E-01 2.105033E-01
7.397216E-01 3.721108E-01
6.255216E-03 -1.666816E-01
8.334306E-01 -4.991684E-01
1.148082E-03 -2.507547E-01
9.629695E-01 2.614602E-01
1.581289E-01 -3.984134E-01
4.635859E-01 1.645525E-01
3.679433E-01 -4.605917E-01
8.997663E-01 -3.788751E-01
4.675638E-02 -2.884829E-01
7.196946E-01 -2.246906E-01
1.319365E-01 3.666847E-01
7.747922E-01 1.472004E-01
7.155159E-01 4.597664E-01
5.479677E-01 -1.666883E-02
1.153895E-01 2.847833E-01
1.088642E-01 -3.877355E-01
1.054165E-01 4.293034E-01
8.595043E-01 -5.156343E-02
4.209014E-01 3.063049E-02
3.601038E-01 4.252072E-01
8.142553E-01 -2.949853E-01
2.590816E-03 6.312774E-02
6.255998E-01 4.464502E-01
9.445863E-01 -1.166970E-01
6.152660E-01 -9.690718E-02
5.095162E-01 3.690060E-01
9.942632E-01 4.804318E-01
9.668220E-01 -2.684535E-01
2.257546E-01 2.506550E-01
8.811749E-02 -4.825875E-01
7.347734E-02 9.874995E-02
9.353509E-01 -2.651537E-01
4.353039E-02 -2.847879E-01
3.029438E-01 -3.320424E-01
8.125743E-01 1.994834E-01
5.118139E-01 2.659959E-02
8.537477E-01 2.866679E-01
5.729237E-01 2.959714E-01
4.991374E-01 3.131542E-01
1.643439E-02 -1.384335E-01
2.853325E-01 -1.551887E-01
6.944087E-01 -5.390643E-02
8.321566E-01 2.005070E-01
4.775333E-01 -1.792649E-01
2.228358E-01 2.118493E-01
9.303385E-01 -2.884926E-01
4.693794E-02 9.226718E-02
9.818924E-01 -3.535699E-01
9.038576E-01 6.880313E-02
5.106421E-01 -5.287131E-02
7.062789E-01 3.701384E-01
6.515711E-01 1.246445E-02
4.154797E-02 5.794663E-02
8.290271E-01 9.190544E-02
7.525279E-02 -2.455267E-01
1.389694E-01 7.130869E-02
9.296616E-01 1.080799E-01
4.419453E-01 -4.039889E-01
6.115723E-01 -3.767966E-02
2.808504E-01 -2.704138E-01
2.362914E-01 -3.981460E-01
1.625868E-01 1.748844E-02
1.553043E-02 -3.558806E-01
1.340800E-01 -4.974675E-01
3.248718E-01 2.207602E-02
3.216042E-01 3.138599E-01
1.625576E-01 7.400080E-02
2.016073E-01 -4.886031E-01
4.756057E-01 -1.769065E-01
5.463920E-01 4.846557E-01
1.818730E-01 -2.895137E-01
4.755292E-01 -3.353315E-01
2.379011E-01 -2.716361E-01
7.038156E-01 -3.028067E-01
9.397887E-02 3.539310E-01
2.833135E-01 4.064060E-01
7.202142E-01 1.744623E-01
4.573114E-01 2.144207E-01
8.328863E-01 -2.975197E-01
5.667723E-01 -4.586701E-01
4.148421E-01 -4.895192E-01
5.173947E-02 4.455753E-01
1.561962E-01 -4.799892E-01
3.738799E-01 1.692557E-01
9.475861E-01 -1.816194E-02
9.008595E-01 2.392851E-01
2.662746E-01 -2.869681E-01
8.504997E-01 -8.506799E-02
3.011222E-01 7.865531E-02
2.854366E-01 3.383135E-01
6.111149E-01 1.047791E-01
1.487269E-01 -1.773504E-01
9.199100E-01 1.829062E-01
2.886892E-01 3.828629E-01
1.833468E-02 1.442749E-01
2.702680E-01 1.862362E-01
2.321055E-01 2.088442E-01
6.668187E-01 2.890549E-01
9.154764E-02 3.243235E-01
9.618039E-02 2.392878E-01
5.091609E-01 -7.900487E-02
9.586679E-01 -4.383616E-01
6.710131E-01 -2.285475E-01
2.977016E-01 -4.483037E-02
5.187127E-01 1.019542E-01
2.024592E-02 -3.255892E-01
8.327240E-01 8.913559E-02
7.471551E-01 4.065057E-02
8.921016E-01 -1.460392E-01
8.506941E-01 2.043510E-02
7.978374E-01 -1.595089E-01
9.708231E-02 1.187700E-01
8.192427E-01 -4.296453E-01
4.452237E-01 3.973481E-01
4.754102E-02 3.963813E-01
3.118761E-01 1.888889E-02
9.803716E-02 4.994853E-01
8.058737E-01 4.529469E-01
1.881343E-01 -2.911183E-01
7.428264E-01 -1.974612E-01
1.182165E-01 -1.231100E-01
1.981340E-01 -2.283568E-01
5.034246E-01 -1.300079E-01
5.533665E-01 -1.479333E-01
7.079286E-01 -3.873887E-01
4.932687E-01 5.410438E-02
9.042611E-01 -8.699957E-02
2.264820E-01 -4.332865E-01
1.837542E-01 -3.088963E-02
8.255693E-01 -3.470249E-02
1.698193E-02 3.310579E-01
6.287080E-01 4.226998E-01
9.743659E-01 -1.349594E-01
7.302934E-02 1.628478E-02
5.884495E-01 1.386664E-01
5.186352E-01 -3.686623E-01
5.503229E-01 3.147258E-01
7.349586E-01 -4.490205E-01
2.077115E-01 -1.635045E-01
2.333127E-01 -2.137857E-01
2.136014E-01 4.209833E-01
9.886884E-01 -1.912054E-01
1.682534E-01 -3.406460E-01
1.241361E-01 -3.718246E-01
6.564757E-02 -2.978120E-01
1.258231E-01 6.214537E-02
7.608461E-01 2.068562E-01
1.370716E-01 1.979234E-01
3.615563E-01 -4.304233E-01
9.562504E-01 -3.764712E-01
8.761038E-01 1.573749E-01
2.504373E-01 -3.828432E-01
5.988377E-01 -5.341627E-02
7.898413E-01 4.800852E-01
4.752469E-01 2.998531E-01
1.800288E-02 1.234527E-01
7.472756E-01 -1.586310E-02
6.795846E-01 -4.793970E-01
3.027768E-01 7.002810E-03
6.209034E-01 1.180175E-01
4.871804E-01 -2.261516E-01
1.168762E-01 2.423663E-02
1.353146E-01 7.699068E-02
5.477049E-01 3.690497E-02
4.961385E-01 -4.675206E-01
2.877371E-01 -3.773725E-01
4.758516E-01 3.085610E-01
8.794247E-01 1.329316E-01
3.850660E-01 -4.250609E-01
3.081702E-01 3.601482E-01
8.974568E-01 -6.198329E-02
4.180244E-01 3.433012E-01
9.106520E-01 4.445761E-01
2.473688E-01 3.838250E-01
1.379571E-01 4.276999E-01
2.240851E-01 -7.189037E-02
7.795683E-01 -4.782034E-01
8.160288E-01 -2.257436E-01
6.441456E-01 4.702901E-01
6.331592E-01 -3.151815E-01
4.297441E-01 4.152988E-01
7.843618E-02 5.778328E-02
7.037398E-01 2.780292E-01
9.556883E-02 -4.713500E-01
7.502054E-01 -3.775484E-01
6.393429E-01 -2.265363E-01
8.000922E-01 -2.782968E-02
7.615550E-01 -2.949573E-01
2.787732E-01 -2.782082E-01
7.072664E-01 -3.618870E-02
5.780753E-01 -4.378220E-01
2.519285E-02 4.443591E-01
8.006304E-01 3.094879E-01
5.711246E-01 -4.574021E-01
4.122110E-01 8.390708E-02
3.385314E-01 -4.878829E-01
7.192149E-01 4.246503E-01
1.190691E-01 -3.533195E-01
2.004818E-01 -3.889128E-01
5.338152E-01 2.200192E-01
1.052033E-01 -2.677438E-01
3.460156E-02 -2.297406E-01
2.368574E-01 1.255031E-01
5.210918E-02 4.177080E-01
8.964091E-01 2.613658E-01
7.164486E-01 -2.830126E-01
8.530788E-02 -2.399761E-01
3.920635E-02 -2.794758E-02
4.041659E-01 -3.269109E-01
4.846203E-01 2.972232E-01
4.644020E-01 2.953089E-01
4.991438E-01 -1.808493E-01
5.951718E-01 -4.873002E-01
7.935439E-01 -2.320631E-01
1.468910E-01 -2.394613E-01
1.662508E-01 2.706868E-01
9.078965E-01 3.670388E-01
7.295922E-01 6.088353E-03
8.830365E-01 3.613788E-02
2.445884E-01 2.510152E-01
4.922724E-01 4.260094E-01
9.823586E-01 -3.580231E-01
6.558956E-01 -3.282562E-01
2.443458E-01 -2.252658E-01
7.418827E-01 3.105817E-01
8.699597E-01 1.924841E-01
6.708761E-01 -3.971936E-01
9.384268E-01 -1.260456E-01
5.562199E-01 1.266411E-01
9.422593E-01 4.427571E-01
7.376718E-01 2.071188E-01
6.407291E-01 3.753160E-01
6.541314E-01 4.454427E-01
9.302149E-01 -3.351224E-01
6.488255E-01 -4.716710E-02
7.102126E-01 3.119230E-01
1.314904E-01 2.369078E-01
9.085939E-01 3.055653E-01
5.206902E-01 2.009339E-01
6.549457E-01 8.273548E-02
2.847573E-03 -3.433505E-01
2.693025E-01 -4.951539E-01
2.376616E-01 -3.539410E-01
4.639287E-01 3.238525E-01
1.904088E-01 -2.800017E-01
4.013184E-01 2.231042E-01
2.515557E-02 -2.356047E-02
1.731730E-01 4.161462E-02
1.556222E-01 -4.199311E-01
5.110656E-02 -2.811752E-01
3.449241E-01 -1.322788E-01
7.913873E-01 -4.152231E-01
2.277002E-01 -2.441781E-02
8.555425E-01 -3.218839E-01
9.967928E-01 -1.305378E-01
5.284168E-01 -3.030593E-01
9.539381E-01 -4.152758E-01
4.854051E-01 4.948028E-01
4.822588E-01 -2.930549E-02
8.694313E-01 4.530904E-02
8.977596E-01 -2.517083E-02
3.960804E-01 -2.762888E-01
8.975073E-01 4.784091E-01
3.443942E-01 -3.245350E-01
8.591884E-01 -2.293530E-01
3.428662E-01 4.188349E-01
2.681800E-01 1.379094E-01
1.401568E-02 3.816957E-01
8.008450E-01 2.337530E-01
6.559242E-01 2.670827E-01
6.278754E-01 4.099147E-01
5.503549E-01 4.950614E-01
6.573285E-01 -4.158141E-01
7.319151E-01 -1.804432E-01
6.356655E-02 -8.003110E-02
4.033410E-01 -2.296436E-01
2.310426E-01 -2.699013E-02
8.468885E-01 2.188962E-01
4.106496E-01 -2.604168E-01
1.036208E-01 -9.915160E-03
9.998345E-01 -2.407708E-02
1.344713E-01 2.558714E-01
1.330892E-02 4.207197E-01
7.150155E-01 -3.599255E-02
8.976993E-01 4.455064E-01
4.739036E-01 4.569594E-01
2.376664E-01 4.645123E-02
6.706994E-01 4.125319E-01
7.296220E-01 3.540886E-01
3.000620E-01 -8.753116E-02
7.159758E-01 3.516098E-01
3.097625E-01 -2.525184E-01
9.812481E-01 2.167006E-01
9.005049E-01 -1.796263E-02
2.010599E-01 -1.110574E-01
5.707629E-01 -3.934419E-01
9.331447E-02 -4.064576E-01
4.364482E-01 1.446497E-01
4.423086E-01 3.138907E-01
6.569426E-01 -3.636053E-01
9.036046E-01 2.049971E-01
4.967879E-01 2.068913E-01
3.203019E-01 -7.178112E-02
8.108527E-01 -3.961107E-01
1.014960E-01 -3.012547E-01
9.828162E-01 4.602069E-01
2.299002E-01 4.972435E-01
6.666857E-01 6.045433E-02
7.369921E-01 -3.325701E-01
2.887210E-01 -1.223837E-01
6.531909E-01 2.856230E-01
1.781712E-01 -3.450839E-01
3.041396E-01 1.216383E-01
9.407197E-01 -4.520900E-01
7.425825E-01 -8.662640E-02
1.969047E-01 -2.214114E-01
5.842797E-01 1.102059E-01
8.741357E-01 2.132054E-01
2.008639E-01 -2.491152E-01
3.973262E-01 3.315015E-01
5.501343E-01 -8.969282E-02
1.521406E-01 -3.283252E-01
1.302287E-01 -2.935352E-02
5.872006E-01 1.396403E-01
3.662452E-02 3.591955E-01
5.120358E-01 1.570997E-01
5.398667E-01 1.930876E-01
1.645503E-01 5.317849E-03
8.209600E-01 -2.412183E-01
2.807151E-01 -1.743724E-01
2.272595E-02 2.970753E-01
8.435041E-02 5.395349E-03
5.576625E-01 4.599191E-02
6.118675E-01 -7.280429E-02
2.488204E-01 -3.983061E-01
6.537839E-01 -4.226732E-01
2.288268E-01 3.014406E-02
4.884453E-01 4.961674E-01
5.101086E-01 3.054604E-01
9.448019E-01 -4.170000E-01
6.759974E-01 -2.648557E-01
9.928022E-01 -2.805635E-01
6.614823E-01 -2.209228E-01
4.667231E-01 -1.391269E-01
5.618667E-01 4.490107E-01
4.865303E-02 -1.327844E-01
8.864576E-01 3.340806E-01
9.080591E-01 3.197423E-01
6.299932E-01 1.250647E-01
1.050528E-01 1.310532E-01
9.570804E-01 -6.297725E-03
7.596597E-01 -2.274779E-01
7.519231E-01 3.248080E-01
4.054359E-03 -2.495985E-01
7.065189E-01 -1.040617E-01
7.539602E-01 2.009223E-01
8.154759E-01 1.195547E-01
4.555456E-01 9.791707E-02
6.273041E-01 -1.981748E-01
4.995878E-01 -2.184310E-01
6.298225E-01 2.622903E-02
6.584179E-01 1.827687E-01
8.323815E-01 -9.868128E-02
5.220827E-01 2.996973E-01
2.044538E-01 7.850588E-03
2.268438E-01 -4.711646E-01
2.960058E-01 -2.092389E-01
6.447994E-01 -4.146230E-01
9.668251E-01 -4.617947E-01
3.206406E-01 -3.833087E-01
9.762188E-01 2.592697E-01
4.611472E-01 -5.304575E-02
4.724365E-01 1.582915E-01
5.671551E-01 4.636086E-01
1.614603E-01 -1.552501E-01
8.146329E-01 1.276208E-01
4.985278E-01 3.810042E-01
7.393340E-01 7.976781E-02
8.734649E-01 2.999087E-01
4.059456E-01 -4.471187E-01
9.809705E-01 -1.380259E-01
1.117256E-01 -9.192530E-02
9.396679E-02 -4.343801E-01
2.972429E-01 3.674713E-01
6.362761E-01 -1.686772E-01
3.945400E-01 -4.906960E-01
9.937393E-01 2.698374E-01
2.577558E-01 2.589326E-01
3.198167E-01 -2.597663E-01
1.908824E-01 1.738068E-01
1.438138E-01 4.741281E-01
1.283293E-01 4.970977E-01
2.196541E-01 3.307558E-01
4.720949E-01 1.755664E-01
5.343723E-01 2.856597E-01
5.195142E-01 -2.032663E-01
4.229295E-01 1.165605E-01
9.963059E-01 -2.727049E-01
9.506918E-01 4.549175E-01
1.156411E-01 1.251221E-01
3.380551E-01 -3.939255E-02
2.189536E-01 -4.925971E-01
9.974959E-01 3.035860E-01
2.853355E-01 -3.396185E-01
7.775349E-01 -1.547538E-01
8.891049E-01 1.887500E-01
5.559030E-01 2.436241E-01
9.250534E-01 -3.527864E-01
4.559474E-01 4.599065E-01
1.455565E-01 3.782423E-01
2.005816E-01 2.037429E-01
3.998766E-01 4.204407E-01
5.854467E-01 1.487708E-01
9.775159E-01 1.822262E-01
6.919273E-01 3.369174E-01
4.872386E-01 4.596935E-01
7.640910E-01 1.275417E-01
1.031219E-01 1.045075E-01
2.292135E-01 2.402678E-01
9.258026E-01 4.798565E-02
1.688815E-01 6.350282E-02
7.878524E-01 1.734031E-01
3.521005E-01 -2.930992E-01
3.222222E-01 9.629452E-02
9.971188E-01 -3.239560E-01
7.207685E-02 -2.262237E-01
3.778264E-01 3.468407E-01
2.938304E-01 3.919561E-02
6.889394E-01 1.730293E-01
5.391311E-01 -5.896477E-02
3.824419E-01 2.958489E-01
2.834748E-01 -3.414939E-01
9.986015E-01 2.723267E-01
1.718737E-02 2.739026E-01
8.802064E-01 3.008677E-01
7.508782E-01 -3.201465E-01
4.589785E-02 -1.262775E-01
3.825510E-01 -3.934579E-01
8.158542E-01 -3.418069E-01
6.174366E-01 3.269522E-01
6.247454E-02 -1.865563E-01
9.782137E-02 4.070161E-01
7.585931E-01 3.601560E-01
7.480607E-01 4.715116E-02
8.420737E-01 -1.030025E-02
6.873628E-01 9.148267E-02
6.506880E-01 -1.792522E-01
5.451019E-01 -7.206617E-02
5.547222E-01 4.549943E-02
2.066968E-01 2.968721E-01
2.186285E-01 -1.120697E-01
1.957181E-01 -4.904649E-01
5.770563E-01 3.511540E-01
8.918975E-01 -2.361811E-01
9.253659E-01 1.025546E-01
1.747211E-01 -1.005950E-01
8.856500E-01 -3.325896E-01
5.694353E-01 -4.140194E-01
5.694433E-01 1.229541E-01
2.406958E-01 -1.146694E-01
2.047886E-01 -4.739801E-01
4.801717E-01 9.994301E-02
8.196729E-01 -1.227761E-01
1.710069E-01 -4.147098E-01
7.276958E-01 2.205750E-01
1.217137E-01 1.496745E-01
4.638498E-01 -1.855581E-01
1.539454E-01 2.785100E-01
7.018254E-01 -4.432652E-01
8.362702E-01 4.851069E-01
1.970961E-01 -2.102685E-01
8.287577E-02 -4.499358E-01
9.393523E-01 -3.297865E-01
1.235628E-01 -1.951133E-01
2.720855E-01 2.287083E-01
8.496177E-02 -3.943207E-01
7.443556E-01 3.480753E-01
5.589007E-01 1.941601E-01
1.202194E-01 2.009964E-01
1.065310E-01 -3.637747E-02
4.973882E-01 -4.830337E-01
7.905897E-01 -3.733850E-01
1.031647E-01 1.544923E-01
3.537654E-01 -3.415152E-01
2.493229E-01 -2.519681E-01
9.495442E-01 -2.089467E-01
8.790712E-01 4.864655E-01
6.715686E-01 3.588640E-01
7.602250E-01 3.074675E-01
3.072619E-02 2.194728E-01
7.826297E-01 -2.989391E-01
7.549377E-01 4.882708E-01
2.905657E-01 -1.835363E-01
1.416187E-01 1.028517E-02
8.151520E-01 -3.081357E-01
3.363073E-02 2.223417E-01
8.819447E-01 -4.037410E-01
2.103808E-01 2.706163E-01
5.799019E-01 1.774869E-01
1.057799E-01 -3.092784E-02
4.627362E-02 -1.504193E-02
6.667395E-01 -2.044633E-01
4.920728E-01 3.680641E-02
4.858280E-01 2.480207E-01
1.820855E-01 -4.165035E-01
9.750628E-03 -1.669941E-01
4.930357E-01 2.938858E-01
3.341505E-01 -2.014985E-01
2.478727E-01 4.908607E-01
9.635269E-02 -3.297145E-01
4.351600E-01 -2.628476E-02
9.648933E-01 2.121075E-01
7.012098E-01 -1.259821E-01
2.766701E-01 4.055922E-01
7.651532E-01 7.078149E-02
6.116497E-01 1.235456E-01
2.038727E-01 -4.024158E-04
7.770538E-01 -2.754404E-01
9.240310E-02 3.782929E-01
7.299794E-01 -1.645066E-01
2.420657E-02 7.507449E-02
1.847235E-01 2.659128E-01
1.906568E-01 3.905305E-01
2.081676E-01 -3.861764E-01
6.721478E-01 -3.201625E-01
3.833209E-01 4.565780E-01
6.581654E-01 4.356763E-01
3.044616E-01 -2.567504E-01
6.531567E-01 2.685645E-01
