1.700000E+01 1.393790E-01
1.400000E+01 -1.526575E-01
1.000000E+00 2.217089E-01
1.000000E+01 -1.396208E-01
2.000000E+00 -3.025110E-01
2.000000E+00 -3.004515E-01
1.000000E+00 4.804912E-01
1.700000E+01 -3.458227E-01
0.000000E+00 -3.300629E-02
9.000000E+00 9.799804E-02
9.000000E+00 7.301975E-02
1.900000E+01 3.561505E-02
0.000000E+00 3.365335E-01
1.000000E+01 1.544197E-02
1.700000E+01 -2.106047E-01
1.700000E+01 -2.976872E-01
6.000000E+00 3.743661E-01
1.100000E+01 -1.886089E-01
1.600000E+01 -2.356276E-01
9.000000E+00 -4.161267E-01
1.700000E+01 4.797366E-01
2.000000E+00 -9.242802E-02
1.000000E+00 4.197432E-02
1.200000E+01 -1.655284E-01
4.000000E+00 -1.949135E-01
1.400000E+01 3.113198E-01
1.000000E+00 -4.117268E-01
1.000000E+00 -5.599372E-02
5.000000E+00 -8.294096E-02
1.600000E+01 2.549232E-01
3.000000E+00 -4.393487E-01
5.000000E+00 -5.051153E-02
1.200000E+01 -1.359035E-03
1.500000E+01 2.470937E-01
1.000000E+01 -2.566535E-03
1.000000E+01 3.403767E-01
0.000000E+00 -3.063075E-01
3.000000E+00 -6.365804E-02
1.000000E+01 -3.555079E-02
4.000000E+00 1.404530E-01
1.000000E+00 1.330677E-02
1.200000E+01 -1.149161E-01
1.300000E+01 6.168479E-02
6.000000E+00 -3.148102E-01
0.000000E+00 -3.893788E-01
1.700000E+01 9.406764E-02
3.000000E+00 -1.389653E-01
1.000000E+01 3.525480E-01
7.000000E+00 1.999029E-01
1.100000E+01 -4.844932E-01
7.000000E+00 2.358318E-02
1.400000E+01 2.561946E-01
4.000000E+00 -3.142208E-02
1.000000E+00 2.587928E-01
5.000000E+00 -4.626197E-01
1.200000E+01 -1.902503E-01
1.200000E+01 -1.829637E-01
1.000000E+00 -3.713701E-01
1.700000E+01 -1.054772E-01
1.800000E+01 -2.689179E-01
8.000000E+00 2.413902E-01
3.000000E+00 2.161687E-01
1.000000E+00 4.543210E-01
5.000000E+00 6.431881E-02
7.000000E+00 2.460517E-01
1.300000E+01 4.023748E-01
1.200000E+01 -2.875854E-01
1.000000E+01 -2.266422E-01
7.000000E+00 -5.998689E-02
5.000000E+00 -1.605426E-01
2.000000E+00 4.286858E-01
1.400000E+01 -2.454212E-01
1.600000E+01 2.037546E-01
1.600000E+01 -2.690207E-01
5.000000E+00 1.943455E-01
6.000000E+00 -3.639672E-01
1.000000E+00 4.185383E-01
1.300000E+01 2.319967E-01
5.000000E+00 4.971072E-01
1.000000E+00 -4.850635E-01
1.900000E+01 2.992675E-01
0.000000E+00 -2.878468E-01
1.200000E+01 -8.003974E-02
5.000000E+00 3.387430E-01
7.000000E+00 2.206034E-01
1.300000E+01 2.301441E-01
8.000000E+00 -6.739764E-02
1.000000E+00 3.916078E-01
1.900000E+01 1.080471E-01
1.700000E+01 -1.144895E-01
1.400000E+01 3.251841E-01
1.100000E+01 -4.637924E-01
0.000000E+00 2.861839E-01
4.000000E+00 7.770380E-02
1.000000E+00 -9.759866E-02
1.100000E+01 -1.844125E-01
1.900000E+01 9.763291E-02
1.000000E+00 2.407648E-01
1.400000E+01 4.744812E-02
8.000000E+00 4.093912E-01
1.200000E+01 -8.489122E-02
1.700000E+01 1.745178E-01
1.900000E+01 1.732008E-01
1.300000E+01 -1.692991E-01
5.000000E+00 -4.517566E-02
3.000000E+00 -5.274402E-02
6.000000E+00 4.953883E-01
1.600000E+01 4.101241E-01
1.100000E+01 1.866278E-01
1.500000E+01 2.105033E-01
1.400000E+01 3.721108E-01
0.000000E+00 -1.666816E-01
1.600000E+01 -4.991684E-01
0.000000E+00 -2.507547E-01
1.900000E+01 2.614602E-01
3.000000E+00 -3.984134E-01
9.000000E+00 1.645525E-01
7.000000E+00 -4.605917E-01
1.700000E+01 -3.788751E-01
0.000000E+00 -2.884829E-01
1.400000E+01 -2.246906E-01
2.000000E+00 3.666847E-01
1.500000E+01 1.472004E-01
1.400000E+01 4.597664E-01
1.000000E+01 -1.666883E-02
2.000000E+00 2.847833E-01
2.000000E+00 -3.877355E-01
2.000000E+00 4.293034E-01
1.700000E+01 -5.156343E-02
8.000000E+00 3.063049E-02
7.000000E+00 4.252072E-01
1.600000E+01 -2.949853E-01
0.000000E+00 6.312774E-02
1.200000E+01 4.464502E-01
1.800000E+01 -1.166970E-01
1.200000E+01 -9.690718E-02
1.000000E+01 3.690060E-01
1.900000E+01 4.804318E-01
1.900000E+01 -2.684535E-01
4.000000E+00 2.506550E-01
1.000000E+00 -4.825875E-01
1.000000E+00 9.874995E-02
1.800000E+01 -2.651537E-01
0.000000E+00 -2.847879E-01
6.000000E+00 -3.320424E-01
1.600000E+01 1.994834E-01
1.000000E+01 2.659959E-02
1.700000E+01 2.866679E-01
1.100000E+01 2.959714E-01
9.000000E+00 3.131542E-01
0.000000E+00 -1.384335E-01
5.000000E+00 -1.551887E-01
1.300000E+01 -5.390643E-02
1.600000E+01 2.005070E-01
9.000000E+00 -1.792649E-01
4.000000E+00 2.118493E-01
1.800000E+01 -2.884926E-01
0.000000E+00 9.226718E-02
1.900000E+01 -3.535699E-01
1.800000E+01 6.880313E-02
1.000000E+01 -5.287131E-02
1.400000E+01 3.701384E-01
1.300000E+01 1.246445E-02
0.000000E+00 5.794663E-02
1.600000E+01 9.190544E-02
1.000000E+00 -2.455267E-01
2.000000E+00 7.130869E-02
1.800000E+01 1.080799E-01
8.000000E+00 -4.039889E-01
1.200000E+01 -3.767966E-02
5.000000E+00 -2.704138E-01
4.000000E+00 -3.981460E-01
3.000000E+00 1.748844E-02
0.000000E+00 -3.558806E-01
2.000000E+00 -4.974675E-01
6.000000E+00 2.207602E-02
6.000000E+00 3.138599E-01
3.000000E+00 7.400080E-02
4.000000E+00 -4.886031E-01
9.000000E+00 -1.769065E-01
1.000000E+01 4.846557E-01
3.000000E+00 -2.895137E-01
9.000000E+00 -3.353315E-01
4.000000E+00 -2.716361E-01
1.400000E+01 -3.028067E-01
1.000000E+00 3.539310E-01
5.000000E+00 4.064060E-01
1.400000E+01 1.744623E-01
9.000000E+00 2.144207E-01
1.600000E+01 -2.975197E-01
1.100000E+01 -4.586701E-01
8.000000E+00 -4.895192E-01
1.000000E+00 4.455753E-01
3.000000E+00 -4.799892E-01
7.000000E+00 1.692557E-01
1.800000E+01 -1.816194E-02
1.800000E+01 2.392851E-01
5.000000E+00 -2.869681E-01
1.700000E+01 -8.506799E-02
6.000000E+00 7.865531E-02
5.000000E+00 3.383135E-01
1.200000E+01 1.047791E-01
2.000000E+00 -1.773504E-01
1.800000E+01 1.829062E-01
5.000000E+00 3.828629E-01
0.000000E+00 1.442749E-01
5.000000E+00 1.862362E-01
4.000000E+00 2.088442E-01
1.300000E+01 2.890549E-01
1.000000E+00 3.243235E-01
1.000000E+00 2.392878E-01
1.000000E+01 -7.900487E-02
1.900000E+01 -4.383616E-01
1.300000E+01 -2.285475E-01
5.000000E+00 -4.483037E-02
1.000000E+01 1.019542E-01
0.000000E+00 -3.255892E-01
1.600000E+01 8.913559E-02
1.400000E+01 4.065057E-02
1.700000E+01 -1.460392E-01
1.700000E+01 2.043510E-02
1.500000E+01 -1.595089E-01
1.000000E+00 1.187700E-01
1.600000E+01 -4.296453E-01
8.000000E+00 3.973481E-01
0.000000E+00 3.963813E-01
6.000000E+00 1.888889E-02
1.000000E+00 4.994853E-01
1.600000E+01 4.529469E-01
3.000000E+00 -2.911183E-01
1.400000E+01 -1.974612E-01
2.000000E+00 -1.231100E-01
3.000000E+00 -2.283568E-01
1.000000E+01 -1.300079E-01
1.100000E+01 -1.479333E-01
1.400000E+01 -3.873887E-01
9.000000E+00 5.410438E-02
1.800000E+01 -8.699957E-02
4.000000E+00 -4.332865E-01
3.000000E+00 -3.088963E-02
1.600000E+01 -3.470249E-02
0.000000E+00 3.310579E-01
1.200000E+01 4.226998E-01
1.900000E+01 -1.349594E-01
1.000000E+00 1.628478E-02
1.100000E+01 1.386664E-01
1.000000E+01 -3.686623E-01
1.100000E+01 3.147258E-01
1.400000E+01 -4.490205E-01
4.000000E+00 -1.635045E-01
4.000000E+00 -2.137857E-01
4.000000E+00 4.209833E-01
1.900000E+01 -1.912054E-01
3.000000E+00 -3.406460E-01
2.000000E+00 -3.718246E-01
1.000000E+00 -2.978120E-01
2.000000E+00 6.214537E-02
1.500000E+01 2.068562E-01
2.000000E+00 1.979234E-01
7.000000E+00 -4.304233E-01
1.900000E+01 -3.764712E-01
1.700000E+01 1.573749E-01
5.000000E+00 -3.828432E-01
1.100000E+01 -5.341627E-02
1.500000E+01 4.800852E-01
9.000000E+00 2.998531E-01
0.000000E+00 1.234527E-01
1.400000E+01 -1.586310E-02
1.300000E+01 -4.793970E-01
6.000000E+00 7.002810E-03
1.200000E+01 1.180175E-01
9.000000E+00 -2.261516E-01
2.000000E+00 2.423663E-02
2.000000E+00 7.699068E-02
1.000000E+01 3.690497E-02
9.000000E+00 -4.675206E-01
5.000000E+00 -3.773725E-01
9.000000E+00 3.085610E-01
1.700000E+01 1.329316E-01
7.000000E+00 -4.250609E-01
6.000000E+00 3.601482E-01
1.700000E+01 -6.198329E-02
8.000000E+00 3.433012E-01
1.800000E+01 4.445761E-01
4.000000E+00 3.838250E-01
2.000000E+00 4.276999E-01
4.000000E+00 -7.189037E-02
1.500000E+01 -4.782034E-01
1.600000E+01 -2.257436E-01
1.200000E+01 4.702901E-01
1.200000E+01 -3.151815E-01
8.000000E+00 4.152988E-01
1.000000E+00 5.778328E-02
1.400000E+01 2.780292E-01
1.000000E+00 -4.713500E-01
1.500000E+01 -3.775484E-01
1.200000E+01 -2.265363E-01
1.600000E+01 -2.782968E-02
1.500000E+01 -2.949573E-01
5.000000E+00 -2.782082E-01
1.400000E+01 -3.618870E-02
1.100000E+01 -4.378220E-01
0.000000E+00 4.443591E-01
1.600000E+01 3.094879E-01
1.100000E+01 -4.574021E-01
8.000000E+00 8.390708E-02
6.000000E+00 -4.878829E-01
1.400000E+01 4.246503E-01
2.000000E+00 -3.533195E-01
4.000000E+00 -3.889128E-01
1.000000E+01 2.200192E-01
2.000000E+00 -2.677438E-01
0.000000E+00 -2.297406E-01
4.000000E+00 1.255031E-01
1.000000E+00 4.177080E-01
1.700000E+01 2.613658E-01
1.400000E+01 -2.830126E-01
1.000000E+00 -2.399761E-01
0.000000E+00 -2.794758E-02
8.000000E+00 -3.269109E-01
9.000000E+00 2.972232E-01
9.000000E+00 2.953089E-01
9.000000E+00 -1.808493E-01
1.100000E+01 -4.873002E-01
1.500000E+01 -2.320631E-01
2.000000E+00 -2.394613E-01
3.000000E+00 2.706868E-01
1.800000E+01 3.670388E-01
1.400000E+01 6.088353E-03
1.700000E+01 3.613788E-02
4.000000E+00 2.510152E-01
9.000000E+00 4.260094E-01
1.900000E+01 -3.580231E-01
1.300000E+01 -3.282562E-01
4.000000E+00 -2.252658E-01
1.400000E+01 3.105817E-01
1.700000E+01 1.924841E-01
1.300000E+01 -3.971936E-01
1.800000E+01 -1.260456E-01
1.100000E+01 1.266411E-01
1.800000E+01 4.427571E-01
1.400000E+01 2.071188E-01
1.200000E+01 3.753160E-01
1.300000E+01 4.454427E-01
1.800000E+01 -3.351224E-01
1.200000E+01 -4.716710E-02
1.400000E+01 3.119230E-01
2.000000E+00 2.369078E-01
1.800000E+01 3.055653E-01
1.000000E+01 2.009339E-01
1.300000E+01 8.273548E-02
0.000000E+00 -3.433505E-01
5.000000E+00 -4.951539E-01
4.000000E+00 -3.539410E-01
9.000000E+00 3.238525E-01
3.000000E+00 -2.800017E-01
8.000000E+00 2.231042E-01
0.000000E+00 -2.356047E-02
3.000000E+00 4.161462E-02
3.000000E+00 -4.199311E-01
1.000000E+00 -2.811752E-01
6.000000E+00 -1.322788E-01
1.500000E+01 -4.152231E-01
4.000000E+00 -2.441781E-02
1.700000E+01 -3.218839E-01
1.900000E+01 -1.305378E-01
1.000000E+01 -3.030593E-01
1.900000E+01 -4.152758E-01
9.000000E+00 4.948028E-01
9.000000E+00 -2.930549E-02
1.700000E+01 4.530904E-02
1.700000E+01 -2.517083E-02
7.000000E+00 -2.762888E-01
1.700000E+01 4.784091E-01
6.000000E+00 -3.245350E-01
1.700000E+01 -2.293530E-01
6.000000E+00 4.188349E-01
5.000000E+00 1.379094E-01
0.000000E+00 3.816957E-01
1.600000E+01 2.337530E-01
1.300000E+01 2.670827E-01
1.200000E+01 4.099147E-01
1.100000E+01 4.950614E-01
1.300000E+01 -4.158141E-01
1.400000E+01 -1.804432E-01
1.000000E+00 -8.003110E-02
8.000000E+00 -2.296436E-01
4.000000E+00 -2.699013E-02
1.600000E+01 2.188962E-01
8.000000E+00 -2.604168E-01
2.000000E+00 -9.915160E-03
1.900000E+01 -2.407708E-02
2.000000E+00 2.558714E-01
0.000000E+00 4.207197E-01
1.400000E+01 -3.599255E-02
1.700000E+01 4.455064E-01
9.000000E+00 4.569594E-01
4.000000E+00 4.645123E-02
1.300000E+01 4.125319E-01
1.400000E+01 3.540886E-01
6.000000E+00 -8.753116E-02
1.400000E+01 3.516098E-01
6.000000E+00 -2.525184E-01
1.900000E+01 2.167006E-01
1.800000E+01 -1.796263E-02
4.000000E+00 -1.110574E-01
1.100000E+01 -3.934419E-01
1.000000E+00 -4.064576E-01
8.000000E+00 1.446497E-01
8.000000E+00 3.138907E-01
1.300000E+01 -3.636053E-01
1.800000E+01 2.049971E-01
9.000000E+00 2.068913E-01
6.000000E+00 -7.178112E-02
1.600000E+01 -3.961107E-01
2.000000E+00 -3.012547E-01
1.900000E+01 4.602069E-01
4.000000E+00 4.972435E-01
1.300000E+01 6.045433E-02
1.400000E+01 -3.325701E-01
5.000000E+00 -1.223837E-01
1.300000E+01 2.856230E-01
3.000000E+00 -3.450839E-01
6.000000E+00 1.216383E-01
1.800000E+01 -4.520900E-01
1.400000E+01 -8.662640E-02
3.000000E+00 -2.214114E-01
1.100000E+01 1.102059E-01
1.700000E+01 2.132054E-01
4.000000E+00 -2.491152E-01
7.000000E+00 3.315015E-01
1.100000E+01 -8.969282E-02
3.000000E+00 -3.283252E-01
2.000000E+00 -2.935352E-02
1.100000E+01 1.396403E-01
0.000000E+00 3.591955E-01
1.000000E+01 1.570997E-01
1.000000E+01 1.930876E-01
3.000000E+00 5.317849E-03
1.600000E+01 -2.412183E-01
5.000000E+00 -1.743724E-01
0.000000E+00 2.970753E-01
1.000000E+00 5.395349E-03
1.100000E+01 4.599191E-02
1.200000E+01 -7.280429E-02
4.000000E+00 -3.983061E-01
1.300000E+01 -4.226732E-01
4.000000E+00 3.014406E-02
9.000000E+00 4.961674E-01
1.000000E+01 3.054604E-01
1.800000E+01 -4.170000E-01
1.300000E+01 -2.648557E-01
1.900000E+01 -2.805635E-01
1.300000E+01 -2.209228E-01
9.000000E+00 -1.391269E-01
1.100000E+01 4.490107E-01
0.000000E+00 -1.327844E-01
1.700000E+01 3.340806E-01
1.800000E+01 3.197423E-01
1.200000E+01 1.250647E-01
2.000000E+00 1.310532E-01
1.900000E+01 -6.297725E-03
1.500000E+01 -2.274779E-01
1.500000E+01 3.248080E-01
0.000000E+00 -2.495985E-01
1.400000E+01 -1.040617E-01
1.500000E+01 2.009223E-01
1.600000E+01 1.195547E-01
9.000000E+00 9.791707E-02
1.200000E+01 -1.981748E-01
9.000000E+00 -2.184310E-01
1.200000E+01 2.622903E-02
1.300000E+01 1.827687E-01
1.600000E+01 -9.868128E-02
1.000000E+01 2.996973E-01
4.000000E+00 7.850588E-03
4.000000E+00 -4.711646E-01
5.000000E+00 -2.092389E-01
1.200000E+01 -4.146230E-01
1.900000E+01 -4.617947E-01
6.000000E+00 -3.833087E-01
1.900000E+01 2.592697E-01
9.000000E+00 -5.304575E-02
9.000000E+00 1.582915E-01
1.100000E+01 4.636086E-01
3.000000E+00 -1.552501E-01
1.600000E+01 1.276208E-01
9.000000E+00 3.810042E-01
1.400000E+01 7.976781E-02
1.700000E+01 2.999087E-01
8.000000E+00 -4.471187E-01
1.900000E+01 -1.380259E-01
2.000000E+00 -9.192530E-02
1.000000E+00 -4.343801E-01
5.000000E+00 3.674713E-01
1.200000E+01 -1.686772E-01
7.000000E+00 -4.906960E-01
1.900000E+01 2.698374E-01
5.000000E+00 2.589326E-01
6.000000E+00 -2.597663E-01
3.000000E+00 1.738068E-01
2.000000E+00 4.741281E-01
2.000000E+00 4.970977E-01
4.000000E+00 3.307558E-01
9.000000E+00 1.755664E-01
1.000000E+01 2.856597E-01
1.000000E+01 -2.032663E-01
8.000000E+00 1.165605E-01
1.900000E+01 -2.727049E-01
1.900000E+01 4.549175E-01
2.000000E+00 1.251221E-01
6.000000E+00 -3.939255E-02
4.000000E+00 -4.925971E-01
1.900000E+01 3.035860E-01
5.000000E+00 -3.396185E-01
1.500000E+01 -1.547538E-01
1.700000E+01 1.887500E-01
1.100000E+01 2.436241E-01
1.800000E+01 -3.527864E-01
9.000000E+00 4.599065E-01
2.000000E+00 3.782423E-01
4.000000E+00 2.037429E-01
7.000000E+00 4.204407E-01
1.100000E+01 1.487708E-01
1.900000E+01 1.822262E-01
1.300000E+01 3.369174E-01
9.000000E+00 4.596935E-01
1.500000E+01 1.275417E-01
2.000000E+00 1.045075E-01
4.000000E+00 2.402678E-01
1.800000E+01 4.798565E-02
3.000000E+00 6.350282E-02
1.500000E+01 1.734031E-01
7.000000E+00 -2.930992E-01
6.000000E+00 9.629452E-02
1.900000E+01 -3.239560E-01
1.000000E+00 -2.262237E-01
7.000000E+00 3.468407E-01
5.000000E+00 3.919561E-02
1.300000E+01 1.730293E-01
1.000000E+01 -5.896477E-02
7.000000E+00 2.958489E-01
5.000000E+00 -3.414939E-01
1.900000E+01 2.723267E-01
0.000000E+00 2.739026E-01
1.700000E+01 3.008677E-01
1.500000E+01 -3.201465E-01
0.000000E+00 -1.262775E-01
7.000000E+00 -3.934579E-01
1.600000E+01 -3.418069E-01
1.200000E+01 3.269522E-01
1.000000E+00 -1.865563E-01
1.000000E+00 4.070161E-01
1.500000E+01 3.601560E-01
1.400000E+01 4.715116E-02
1.600000E+01 -1.030025E-02
1.300000E+01 9.148267E-02
1.300000E+01 -1.792522E-01
1.000000E+01 -7.206617E-02
1.100000E+01 4.549943E-02
4.000000E+00 2.968721E-01
4.000000E+00 -1.120697E-01
3.000000E+00 -4.904649E-01
1.100000E+01 3.511540E-01
1.700000E+01 -2.361811E-01
1.800000E+01 1.025546E-01
3.000000E+00 -1.005950E-01
1.700000E+01 -3.325896E-01
1.100000E+01 -4.140194E-01
1.100000E+01 1.229541E-01
4.000000E+00 -1.146694E-01
4.000000E+00 -4.739801E-01
9.000000E+00 9.994301E-02
1.600000E+01 -1.227761E-01
3.000000E+00 -4.147098E-01
1.400000E+01 2.205750E-01
2.000000E+00 1.496745E-01
9.000000E+00 -1.855581E-01
3.000000E+00 2.785100E-01
1.400000E+01 -4.432652E-01
1.600000E+01 4.851069E-01
3.000000E+00 -2.102685E-01
1.000000E+00 -4.499358E-01
1.800000E+01 -3.297865E-01
2.000000E+00 -1.951133E-01
5.000000E+00 2.287083E-01
1.000000E+00 -3.943207E-01
1.400000E+01 3.480753E-01
1.100000E+01 1.941601E-01
2.000000E+00 2.009964E-01
2.000000E+00 -3.637747E-02
9.000000E+00 -4.830337E-01
1.500000E+01 -3.733850E-01
2.000000E+00 1.544923E-01
7.000000E+00 -3.415152E-01
4.000000E+00 -2.519681E-01
1.800000E+01 -2.089467E-01
1.700000E+01 4.864655E-01
1.300000E+01 3.588640E-01
1.500000E+01 3.074675E-01
0.000000E+00 2.194728E-01
1.500000E+01 -2.989391E-01
1.500000E+01 4.882708E-01
5.000000E+00 -1.835363E-01
2.000000E+00 1.028517E-02
1.600000E+01 -3.081357E-01
0.000000E+00 2.223417E-01
1.700000E+01 -4.037410E-01
4.000000E+00 2.706163E-01
1.100000E+01 1.774869E-01
2.000000E+00 -3.092784E-02
0.000000E+00 -1.504193E-02
1.300000E+01 -2.044633E-01
9.000000E+00 3.680641E-02
9.000000E+00 2.480207E-01
3.000000E+00 -4.165035E-01
0.000000E+00 -1.669941E-01
9.000000E+00 2.938858E-01
6.000000E+00 -2.014985E-01
4.000000E+00 4.908607E-01
1.000000E+00 -3.297145E-01
8.000000E+00 -2.628476E-02
1.900000E+01 2.121075E-01
1.400000E+01 -1.259821E-01
5.000000E+00 4.055922E-01
1.500000E+01 7.078149E-02
1.200000E+01 1.235456E-01
4.000000E+00 -4.024158E-04
1.500000E+01 -2.754404E-01
1.000000E+00 3.782929E-01
1.400000E+01 -1.645066E-01
0.000000E+00 7.507449E-02
3.000000E+00 2.659128E-01
3.000000E+00 3.905305E-01
4.000000E+00 -3.861764E-01
1.300000E+01 -3.201625E-01
7.000000E+00 4.565780E-01
1.300000E+01 4.356763E-01
6.000000E+00 -2.567504E-01
1.300000E+01 2.685645E-01
